20 1072531
46652 34486
48773 20586
45790 26280
13682 45337
69488 8354
84111 96936
49928 29539
39242 8954
5245 37675
29225 74696
87813 97354
47393 65017
27353 79938
88264 40058
51477 77851
23234 23355
18364 39139
29848 96454
85753 79519
35752 91004
54112 49139
67605 25134
36050 31498
73374 5013
23647 74883
27373 110
20710 30872
92070 28246
4792 37068
12575 30685
9979 22192
68814 1834
39786 65810
23229 59211
78714 73698
27355 63415
21559 70050
30861 52131
63789 62762
92386 20893
67106 87029
31748 3144
66560 10764
62217 4532
65585 33101
18313 57593
81155 53432
47915 20880
12363 14773
20568 85646
8965 31077
99921 9694
9049 80227
41083 3194
92026 66359
99320 94374
45545 85431
95314 94313
41526 80794
39537 50024
57542 35387
61516 99425
83376 94758
69180 66081
99425 92290
76363 4546
22623 93691
80300 40421
3787 68714
4292 45800
31839 74116
7205 3460
45111 81852
36156 68677
36941 20694
15904 10567
95868 99753
42827 83561
44358 1743
26374 98257
67249 82540
57788 89308
41100 56345
15472 79040
44463 10732
32939 92768
96544 26022
71565 52170
20850 71384
13829 91185
47656 45427
62556 37251
8536 65355
39499 7110
64010 13030
78509 75795
30207 69671
64782 96943
90735 93074
23427 4482
62315 15803
6676 81910
59969 47760
788 75886
95197 92959
8529 66624
25836 52485
28935 66097
73884 57269
92015 99659
1696 11873
78740 71229
90896 95815
7526 78959
16204 37147
77319 63425
52609 72781
40419 19295
26404 38935
59133 28195
24252 40134
17861 54247
34716 93634
67749 74757
10510 63803
41883 28109
84459 1970
97632 5634
82470 3809
70535 42417
42793 70888
19457 44943
16502 56853
9085 33614
10672 15695
60174 5532
69875 49503
40068 32409
60509 61980
38748 83218
43024 68721
76883 41375
90608 61453
62486 8085
5958 63047
19669 64616
89735 85388
12341 55617
67919 13319
83397 12408
62567 523
54761 35087
88614 23040
89330 26122
91571 83368
22350 17070
16328 78316
76539 75413
68722 45768
5495 91051
22613 16527
61172 7017
85260 50044
62919 58924
96335 56183
34943 45616
15885 82785
25778 51438
59160 9820
1299 33679
4769 41337
79296 31116
7768 3391
97752 30820
19445 48565
80810 89209
21109 74540
25384 84679
43388 51980
71323 15074
39865 7033
72432 20171
69255 40898
26479 36462
79471 23559
32332 65243
4651 40996
85558 10015
18630 66910
26061 43455
27167 64328
4882 77713
58028 31442
55318 33046
80794 28943
20116 17848
68979 85218
12602 89212
73305 71749
78434 97027
65934 68597
85440 82403
16982 39165
31508 16701
77972 82909
5439 45883
36241 25366
14770 2952
91420 80021
52609 48491
9899 21146
35191 80930
27679 36421
47747 74103
80454 79836
91057 40545
73145 18042
64531 33338
86022 62487
10813 30392
13224 83088
44401 87243
95346 5939
53519 45586
83883 79754
42798 58906
22962 69409
7304 39475
85315 47125
33423 57425
19282 57307
30045 53724
68564 18603
51594 19764
11710 40871
26423 68870
47589 92651
69831 11235
97316 18995
4301 61475
67899 57251
99871 757
52404 77527
97834 52129
98690 62888
54528 27005
51650 56440
21869 13768
89411 78394
15944 59494
86818 16321
84388 98457
64206 37475
26309 74296
3467 12745
687 20303
15282 27894
57434 93490
20245 41073
74371 47199
13727 8849
46172 10927
99674 20293
87044 84537
90923 66973
26289 35492
43192 14264
21129 11910
64425 86059
17487 42013
10572 92554
71227 73033
32402 98710
77251 54981
65656 75011
81461 91296
97568 15941
74663 78044
39101 7703
47813 14338
44142 47399
64041 2176
97953 72033
36777 61313
25529 39158
47690 21959
38794 59017
92851 18951
26817 8791
55356 45153
96225 2080
39301 65658
93864 82038
24227 31352
66320 89025
97333 65849
55889 4172
39445 29168
74211 31728
11017 91582
52578 21498
5561 60297
45930 24188
27644 32347
19810 36493
20139 17946
97205 29309
77591 81279
37435 87866
43862 17813
27990 89048
88536 98608
23800 3200
39768 20520
72674 43064
74062 79920
31591 82795
93217 7511
26128 40212
35737 5147
75608 7692
31507 86981
15415 32462
97326 70916
14141 47843
50851 27273
58900 67952
6513 52829
78951 13048
33142 20443
1409 41294
12954 6701
89422 41115
19460 64262
20447 8008
22512 51065
13001 72713
57561 46741
4908 28614
20592 85310
59985 66631
57934 11592
33389 96604
42342 80114
30851 43750
53523 61821
54629 6182
12881 36072
9690 99071
36616 47305
62843 83882
92739 9354
15384 35254
3295 76638
8920 91258
64511 80735
23677 46969
60924 9221
74054 71793
81241 15748
49070 28672
74004 33923
84209 28755
19353 42452
2575 67756
55889 68245
85161 60527
91863 57250
90505 46217
14923 31413
21822 84350
70496 47260
84772 70510
48080 20820
23074 60386
63247 43175
81837 58521
77596 25600
38474 22634
86324 95815
79729 81749
77409 48701
75789 682
3280 7541
79584 87893
19872 65357
72899 42661
26838 61032
17034 44408
2638 57610
56358 96005
70796 49103
94917 89221
85552 71336
59124 65150
74119 94739
37764 72814
60446 48310
15562 77872
30866 82135
96000 19278
26051 28411
4586 83652
28359 59033
11155 90092
28986 9946
25718 59340
41651 76464
78264 38424
30322 58320
25298 95621
55318 90957
57548 65483
46667 63731
30853 35221
73984 85212
51727 46345
73143 92306
88888 69422
11157 23394
87971 79551
86457 54041
76564 58155
74153 96926
42155 21286
53352 34475
45096 27056
33957 28970
99501 65920
3436 73192
42145 51341
34911 86968
76848 20728
10464 50471
72848 14649
26309 2647
25758 81092
15950 93370
28231 7288
23218 30317
30147 72996
82101 91982
25051 84214
72695 7964
96459 58209
69222 50154
80739 91595
71571 6943
8583 77841
77794 66221
45846 42711
6907 9835
6952 87215
88637 7409
46161 93860
76082 71024
21506 97989
48254 6476
34223 69545
18833 27992
93482 71907
41052 91692
82702 50083
97152 7940
11768 90822
76290 25528
34064 93468
86618 59444
80838 64532
14795 67763
76726 24262
64077 24829
17774 18492
99622 82554
84615 4542
1815 76689
83342 46329
93010 16002
50951 77003
6794 22237
65063 9197
44259 54429
35008 91805
13480 95652
98490 24167
25659 61619
72028 39984
56038 36358
553 84351
89713 85771
2439 2761
66061 27293
90844 78679
18541 89089
96465 94837
7764 55676
60376 82553
73961 77487
62858 33230
68039 26704
41673 45021
80817 82598
97444 15223
73283 12513
24377 18657
42755 70259
17588 49053
73398 1103
36470 36209
9455 55165
45745 1814
1859 58646
57327 3518
98680 71714
48339 83075
54716 66956
60471 99272
32273 61631
78228 56047
66086 18272
82688 2647
61793 5415
76658 92238
6232 70170
63329 21403
54975 98120
76458 31489
93307 71168
96209 15633
71765 77899
18590 10991
17642 19628
23112 18174
48640 48883
57776 83211
79027 99288
88772 32883
99662 63610
6884 64114
95029 91732
61665 64713
93822 19288
74049 97707
97952 54988
98688 9700
30403 76574
96976 49735
64311 48996
68865 56306
94113 37588
35195 14656
63376 47933
31688 52299
34670 27105
38223 10011
24530 84751
73019 88560
20946 99105
10874 46632
25109 48847
98081 1389
20550 84909
82893 11262
58981 27880
29732 65304
18520 35161
94426 98945
27391 28835
47151 82449
11045 5039
25398 78398
33458 85377
75601 49826
47293 42358
15480 43211
99071 94397
69944 30015
39299 20143
35160 92521
94969 90924
18742 80516
34858 45395
76176 32035
31781 27742
96127 699
4216 2328
46334 91214
27547 64636
14728 33493
48806 54507
66303 33897
98562 34345
94121 22222
20157 34869
51765 36668
18455 61283
17852 51723
93434 32536
65314 90394
41318 12706
76603 84028
61546 47697
47722 36768
49583 53973
83653 28540
81038 21717
71732 90966
21378 46665
66169 60494
88600 49685
20489 36810
29283 70531
21752 72319
7020 92668
48115 32986
5254 34946
73895 12233
55327 24557
1567 12552
31955 4096
63914 20395
19483 34535
76475 389
50626 89392
58474 65619
91352 8643
82232 58696
4352 13599
59279 46902
23556 59794
54152 68662
93896 58388
46023 6932
94876 46561
45344 56026
87979 82481
48797 63767
32816 35414
21591 33195
11560 43121
79809 34930
79586 66641
46981 75114
77875 35306
23558 79331
19047 2894
86276 6883
13042 61578
13022 29970
96164 48576
43826 90729
87610 4188
79136 59442
63601 9877
98125 91195
80950 31394
99043 94493
67737 81398
75317 19236
76928 99097
45151 97306
85176 88485
47820 10324
58214 70170
50514 32088
99867 75166
72889 15081
70053 35925
93049 40402
41923 14104
66976 21739
70705 58901
38354 39786
28001 20995
45259 64137
50347 18176
24896 79183
37115 52394
10724 30814
30408 76246
50726 62873
43173 33552
23095 848
91697 98831
89898 31081
22825 51828
76149 37645
78493 40159
77779 6668
76799 77902
31819 6797
67383 9108
58796 37430
50644 4337
64527 43381
24350 39155
87774 14633
98247 44073
23379 19824
27295 11808
89945 65005
42215 16572
11535 91701
65437 15188
12907 32727
64214 94795
24731 43686
27946 18503
57190 84196
3112 90767
55345 83756
47434 40485
5118 92956
13508 22430
6511 49374
71894 68154
24584 93809
27393 1445
41299 23640
66230 88361
40252 47039
22698 33325
26172 34470
89766 90413
37748 22700
41818 90519
5711 67640
72817 2304
1610 37542
72512 57538
38064 2413
50713 99923
42397 52745
60636 92514
13924 6954
59020 36016
97676 83001
35103 54696
66549 8257
59983 25052
96376 35201
9071 52382
73453 11533
61559 77784
57958 20668
88352 24937
58233 87186
73163 42877
7419 33930
97403 9607
15271 24799
69603 57373
79645 23351
76442 6704
20392 56077
20011 76327
21144 15033
74537 49111
44270 68030
33376 5089
30966 30513
97415 41096
19854 93377
65905 9293
33349 52550
3010 34473
61055 58314
15263 74086
93077 64495
11454 93659
22073 84124
61981 75298
29399 46151
93454 71479
10519 31872
55504 31759
86302 46584
27033 73394
37396 22477
66383 90295
9985 66099
96758 66235
68465 2144
70339 58622
71671 13012
82255 65338
14349 85954
13192 6912
69913 6624
88481 91601
67339 76807
49354 20598
80802 16359
56826 56412
68623 62731
42568 51567
96402 24932
94394 49746
94016 32628
36852 76696
10694 21594
82610 8963
82247 42741
68369 83735
9857 39766
39175 99001
15118 26727
29747 93353
3431 25905
23119 96601
36162 41039
60610 25897
24604 39373
92626 47585
99601 46588
16726 58538
31336 69749
24170 7369
66956 24231
93563 18233
6933 30975
47939 85828
73638 10451
96527 54014
29295 55371
84347 36094
20114 1196
42207 46265
71810 43554
21154 1308
55848 38314
11085 53382
47264 20409
22043 18433
34240 3308
7052 10299
66328 68557
60761 43173
22676 69023
40513 84487
50559 91975
11298 17469
3138 79223
20836 61299
6730 30519
271 36344
35304 65394
84668 41730
7921 86715
74217 87998
88262 2074
62694 69809
95406 44854
99021 37361
88895 91936
54671 68953
71355 47994
56584 25901
72119 52195
71348 42218
4471 80289
98684 56137
44821 16265
24617 67312
15105 40109
72889 47572
88994 37059
77582 48752
48891 90413
62436 62747
89992 58698
6779 76136
10408 34361
47058 1439
55956 35110
71125 37556
22861 59186
685 12641
33300 19427
13430 26821
14387 14149
48014 16600
35161 79611
13096 28522
35299 64807
94016 94615
90550 43921
51914 1064
53192 22903
57347 59498
32510 67602
52841 66531
25392 81312
88006 51606
85801 87091
65480 77461
25227 15030
38988 69374
96047 95287
32952 67731
30218 98742
65224 98458
69867 58568
6431 48397
9920 15144
39040 46879
62873 99643
19605 82221
85700 72094
45484 81372
9367 49551
92162 4148
47821 78772
98551 8408
12615 34891
63713 52353
85428 7279
23133 57591
81355 54724
94464 26187
57653 14208
12747 58836
36295 99798
20893 87844
38669 12224
19778 34694
58051 23976
14250 53590
24989 16883
28596 84220
29254 71819
66889 40967
77573 72583
57797 24451
56635 19353
74159 48502
6473 88820
19594 24380
80815 60567
5317 70013
43887 32731
98125 37736
64112 73941
70178 11663
78910 10568
60774 39806
11183 70922
97138 14232
69025 32369
15267 71985
54014 78746
18193 81186
62369 56758
64512 1676
68179 97362
68784 5228
13966 57729
72847 53847
75715 39848
20591 13074
23030 91525
70898 17873
10727 89213
70176 15690
26540 99521
98107 70613
49785 59260
74026 43650
99714 93116
37202 25335
13399 24442
46787 34277
57102 14663
96974 3686
84447 21718
1652 79861
28680 22240
70842 58185
99121 26327
69625 15023
17514 60363
76978 79748
24848 76979
62078 24876
99630 39769
45027 96498
39680 73540
194 38812
64371 92226
87245 40009
41097 34770
36247 8522
85112 13804
1540 75899
20146 86702
43423 31837
13087 16675
89706 50417
92262 30834
71888 4498
